1753267752703 0.13156392694063926 0
1753267752800 0.13156392694063926 1
1753267752889 0.1319920091324201 2
1753267752974 0.13156392694063926 3
1753267753060 0.13156392694063926 4
1753267753148 0.1319920091324201 5
1753267753228 0.1319920091324201 6
1753267753312 0.13156392694063926 7
1753267753396 0.13156392694063926 8
1753267753477 0.13156392694063926 9
1753267753558 0.13156392694063926 10
1753267753641 0.13156392694063926 11
1753267753721 0.13156392694063926 12
1753267753817 0.13156392694063926 13
1753267753902 0.13156392694063926 14
1753267753985 0.13156392694063926 15
1753267754068 0.13156392694063926 16
1753267754151 0.1319920091324201 17
1753267754234 0.13156392694063926 18
1753267754318 0.1319920091324201 19
1753267754403 0.1319920091324201 20
1753267754486 0.1319920091324201 21
1753267754568 0.1319920091324201 22
1753267754652 0.13156392694063926 23
1753267754735 0.13156392694063926 24
1753267754818 0.13156392694063926 25
1753267754900 0.13156392694063926 26
1753267755032 0.13156392694063926 27
1753267755135 0.13156392694063926 28
1753267755226 0.1319920091324201 29
1753267755312 0.13156392694063926 30
1753267755399 0.13156392694063926 31
1753267755485 0.13156392694063926 32
1753267755570 0.13156392694063926 33
1753267755660 0.13156392694063926 34
1753267755749 0.13156392694063926 35
1753267755841 0.13156392694063926 36
1753267755934 0.13156392694063926 37
1753267756031 0.13156392694063926 38
1753267756125 0.13156392694063926 39
1753267756213 0.13156392694063926 40
1753267756304 0.13156392694063926 41
1753267756399 0.13156392694063926 42
1753267756488 0.1319920091324201 43
1753267756580 0.13156392694063926 44
1753267756669 0.13156392694063926 45
1753267756759 0.13156392694063926 46
1753267756845 0.1324200913242009 47
1753267756934 0.13156392694063926 48
1753267757028 0.13156392694063926 49
1753267752703 0.13156392694063926 0
