1753267752682 2.0845724997455126 0
1753267752776 2.084587864679833 1
1753267752866 2.08456868776992 2
1753267752951 2.0845828252295924 3
1753267753034 2.0845550312299164 4
1753267753127 2.0845530958480487 5
1753267753208 2.084567971697681 6
1753267753291 2.0846068015381625 7
1753267753375 2.0845828453699746 8
1753267753457 2.0845413616258806 9
1753267753538 2.084622623169259 10
1753267753621 2.0845429004599514 11
1753267753700 2.0845269609804022 12
1753267753791 2.084588075609512 13
1753267753880 2.0846037461877414 14
1753267753964 2.0845807948613277 15
1753267754046 2.084623763550362 16
1753267754130 2.084548426001039 17
1753267754213 2.0845637111903326 18
1753267754297 2.084567162816383 19
1753267754382 2.0845194252114316 20
1753267754465 2.0845164738289297 21
1753267754548 2.0845677066067037 22
1753267754632 2.084556866998542 23
1753267754714 2.0845811040434117 24
1753267754797 2.0845277940845923 25
1753267754880 2.084527461496118 26
1753267754994 2.0845365527013664 27
1753267755111 2.08462618366224 28
1753267755203 2.0845727373475897 29
1753267755291 2.084523568414662 30
1753267755377 2.084572643722029 31
1753267755464 2.0845873173513367 32
1753267755550 2.0845925127534564 33
1753267755638 2.0845328231924745 34
1753267755725 2.0845324712801196 35
1753267755818 2.0845831904781464 36
1753267755911 2.0845342697618214 37
1753267756007 2.0845271204704563 38
1753267756102 2.084564908454407 39
1753267756190 2.08452720565883 40
1753267756283 2.0845282151274485 41
1753267756377 2.0845360965489252 42
1753267756465 2.0845516525447096 43
1753267756558 2.0845586230221405 44
1753267756647 2.084530748188768 45
1753267756737 2.0845295552793703 46
1753267756824 2.084515391419467 47
1753267756913 2.0845833273783123 48
1753267757006 2.0845577022800708 49
1753267752682 2.0845724997455126 0
