1753272415993 0.9204512996286776 0
1753272626473 0.9274493001999429 1
1753272827542 0.9288774635818338 2
1753273026062 0.9354470151385319 3
1753273240159 0.9418737503570408 4
1753273438728 0.945444158811768 5
1753273640280 0.9525849757212225 6
1753273840950 0.9535846900885462 7
1753274039455 0.953441873750357 8
1753274244336 0.9601542416452442 9
1753274445543 0.9578691802342187 10
1753274623510 0.9621536703798914 11
1753274726607 0.9648671808054842 12
1753274824992 0.9684375892602114 13
1753274923161 0.9717223650385605 14
1753275020338 0.9732933447586404 15
1753275120925 0.9754355898314767 16
1753275218957 0.9757212225078549 17
1753275316686 0.9797200799771494 18
1753275414832 0.9774350185661239 19
1753275512439 0.9808626106826621 20
1753275608510 0.9808626106826621 21
1753275705459 0.9838617537846329 22
1753275801978 0.9864324478720365 23
1753275899255 0.9864324478720365 24
1753275999832 0.9845758354755784 25
1753276096619 0.9867180805484147 26
1753276193942 0.9894315909740075 27
1753276288689 0.9880034275921166 28
1753276385407 0.9908597543558983 29
1753276482225 0.9898600399885747 30
1753276579400 0.9878606112539274 31
1753276696077 0.9911453870322765 32
1753276793831 0.9934304484433019 33
1753276894389 0.991859468723222 34
1753276991163 0.9915738360468438 35
1753277087837 0.9927163667523564 36
1753277190726 0.9944301628106256 37
1753277295893 0.9938588974578692 38
1753277396277 0.9945729791488146 39
1753277498243 0.9932876321051128 40
1753277606738 0.9950014281633819 41
1753277709591 0.99528706083976 42
1753277812863 0.995144244501571 43
1753277915909 0.9950014281633819 44
1753278018690 0.9948586118251928 45
1753278121219 0.9964295915452728 46
1753278217205 0.9964295915452728 47
1753278312895 0.9957155098543273 48
1753278413118 0.9968580405598401 49
