1753272415971 0.42096320065368453 0
1753272626445 0.31604463750319484 1
1753272827520 0.2872163331157018 2
1753273026014 0.24676047981493948 3
1753273240132 0.20502942224353812 4
1753273438700 0.19502738623886415 5
1753273640258 0.17297477104371775 6
1753273840921 0.16811886877561916 7
1753274039428 0.15847733159121538 8
1753274244312 0.13889542722927015 9
1753274445519 0.1315509767325149 10
1753274623490 0.1312320890767084 11
1753274726588 0.12470226211004722 12
1753274824971 0.10551919275385807 13
1753274923141 0.09843265000047934 14
1753275020315 0.09204969383805306 15
1753275120906 0.0857841694037794 16
1753275218938 0.0816884296297217 17
1753275316663 0.07226807117585363 18
1753275414811 0.07782949761076312 19
1753275512425 0.059002220750094994 20
1753275608491 0.0639659236415117 21
1753275705441 0.058203571942032926 22
1753275801963 0.04953884427524807 23
1753275899236 0.05177150616994789 24
1753275999813 0.04872089536204516 25
1753276096598 0.048291165596312524 26
1753276193928 0.038731727576603155 27
1753276288675 0.038585376163694285 28
1753276385387 0.034410287272277386 29
1753276482204 0.03365609441129772 30
1753276579366 0.03714211926345289 31
1753276696057 0.029072271246735514 32
1753276793810 0.025375720387666195 33
1753276894369 0.02999093668343473 34
1753276991141 0.02815637982405972 35
1753277087814 0.027642152118131917 36
1753277190698 0.0193387562532596 37
1753277295870 0.02084428329009219 38
1753277396254 0.018952172569416094 39
1753277498220 0.021707956833870525 40
1753277606712 0.01788983175961751 41
1753277709571 0.018988430258261052 42
1753277812841 0.01751633374100528 43
1753277915876 0.016570019472717818 44
1753278018667 0.016804303580878338 45
1753278121197 0.012532508743083268 46
1753278217183 0.011742400981278198 47
1753278312879 0.014088700901363615 48
1753278413097 0.013919096698869364 49
