1753233832850 1.3997240835060811 0
1753233832943 0.9178559448542504 1
1753233833034 0.74628624163534 2
1753233833134 0.634293059074239 3
1753233833212 0.5403247905595304 4
1753233833294 0.48341241440859084 5
1753233833373 0.4208036838604358 6
1753233833456 0.3823793124318225 7
1753233833536 0.3458175264664641 8
1753233833614 0.3187966081587551 9
1753233833697 0.2771844108866477 10
1753233833780 0.2707767682419117 11
1753233833857 0.23136297783411439 12
1753233833940 0.2160095653230097 13
1753233834017 0.20696188280049002 14
1753233834100 0.15575190291734506 15
1753233834185 0.15936558072755702 16
1753233834268 0.15764151216395583 17
1753233834350 0.1436732379292543 18
1753233834430 0.11469881829574262 19
1753233834510 0.11399261852174065 20
1753233834597 0.12404155252604114 21
1753233834684 0.08751265156221502 22
1753233834768 0.09932169136971178 23
1753233834850 0.10889905387666118 24
1753233834933 0.07568024016567423 25
1753233835020 0.09501289414083773 26
1753233835100 0.0730898561856623 27
1753233835184 0.10003545085786442 28
1753233835270 0.07888793535499558 29
1753233835354 0.06077965399987423 30
1753233835443 0.08935316049906993 31
1753233835529 0.05779403778882761 32
1753233835614 0.05965418975962919 33
1753233835704 0.05041430957769667 34
1753233835793 0.0775116518017627 35
1753233835877 0.06591703457548954 36
1753233835965 0.056960376340708455 37
1753233836052 0.033668908452335965 38
1753233836139 0.08209964971429784 39
1753233836230 0.060162489245054844 40
1753233836315 0.058652485057125676 41
1753233836403 0.04632082254430062 42
1753233836493 0.056089601883658115 43
1753233836579 0.06952400002642366 44
1753233836667 0.03777079314145042 45
1753233836753 0.05266545716360387 46
1753233836844 0.029947149754843142 47
1753233836932 0.09107037021980084 48
1753233837019 0.037093935262443846 49
1753233832850 1.3997240835060811 0
