1753233832876 0.4501997716894977 0
1753233832961 0.6655251141552512 1
1753233833061 0.7327340182648402 2
1753233833155 0.7756849315068494 3
1753233833233 0.8070776255707762 4
1753233833314 0.824343607305936 5
1753233833394 0.8456050228310502 6
1753233833475 0.8594463470319634 7
1753233833552 0.8737157534246576 8
1753233833634 0.8879851598173516 9
1753233833718 0.8962614155251142 10
1753233833794 0.9035388127853882 11
1753233833879 0.916095890410959 12
1753233833954 0.9236586757990868 13
1753233834037 0.9240867579908676 14
1753233834123 0.9453481735159818 15
1753233834205 0.9427796803652968 16
1753233834288 0.944777397260274 17
1753233834370 0.9484874429223744 18
1753233834450 0.9621860730593608 19
1753233834532 0.9596175799086758 20
1753233834622 0.9587614155251142 21
1753233834705 0.9690353881278538 22
1753233834789 0.9657534246575342 23
1753233834872 0.9660388127853882 24
1753233834954 0.9748858447488584 25
1753233835037 0.9720319634703196 26
1753233835124 0.9746004566210046 27
1753233835205 0.9668949771689498 28
1753233835292 0.976170091324201 29
1753233835376 0.98087899543379 30
1753233835462 0.9706050228310502 31
1753233835551 0.9810216894977168 32
1753233835640 0.9810216894977168 33
1753233835728 0.983304794520548 34
1753233835815 0.9723173515981736 35
1753233835901 0.9793093607305936 36
1753233835987 0.9821632420091324 37
1753233836075 0.9891552511415526 38
1753233836163 0.9764554794520548 39
1753233836252 0.9780251141552512 40
1753233836338 0.9813070776255708 41
1753233836427 0.9841609589041096 42
1753233836514 0.9850171232876712 43
1753233836603 0.9797374429223744 44
1753233836690 0.9874429223744292 45
1753233836777 0.983162100456621 46
1753233836864 0.9914383561643836 47
1753233836954 0.9730308219178082 48
1753233837041 0.990296803652968 49
1753233832876 0.4501997716894977 0
